Generated by GetData Graph Digitizer 2.26.0.20 on May 09 2026, 12:16
from file 'C:\Users\asus\Desktop\Picture1.jpg'

Line #1
 1.23966942148760e+001    1.20772946859903e+000
 2.03305785123967e+001    2.41545893719807e+000
 3.37190082644628e+001    8.45410628019324e+000
 4.66115702479339e+001    1.69082125603865e+001
 6.04958677685950e+001    2.89855072463768e+001
 6.84297520661157e+001    3.74396135265700e+001
 7.58677685950413e+001    4.58937198067633e+001
 8.23140495867769e+001    5.43478260869565e+001
 8.97520661157025e+001    6.40096618357488e+001
 9.76859504132231e+001    7.60869565217391e+001
 1.04132231404959e+002    8.69565217391304e+001
 1.08099173553719e+002    9.42028985507246e+001
 1.14049586776860e+002    1.03864734299517e+002
 1.19008264462810e+002    1.13526570048309e+002
 1.22975206611570e+002    1.23188405797101e+002
 1.29917355371901e+002    1.34057971014493e+002
 1.34876033057851e+002    1.46135265700483e+002
 1.38347107438017e+002    1.53381642512077e+002
 1.43305785123967e+002    1.65458937198068e+002
 1.48264462809917e+002    1.77536231884058e+002
 1.53223140495868e+002    1.88405797101449e+002
 1.56694214876033e+002    1.98067632850242e+002
 1.61652892561983e+002    2.10144927536232e+002
 1.66115702479339e+002    2.23429951690821e+002
 1.72066115702479e+002    2.39130434782609e+002
 1.78016528925620e+002    2.56038647342995e+002
 1.82479338842975e+002    2.70531400966184e+002
 1.86446280991736e+002    2.81400966183575e+002
 1.91404958677686e+002    2.95893719806763e+002
 1.96859504132231e+002    3.15217391304348e+002
 2.01818181818182e+002    3.29710144927536e+002
 2.04793388429752e+002    3.39371980676329e+002

Line #2
 1.33388429752066e+002    6.15942028985507e+001
 1.31404958677686e+002    6.88405797101449e+001
 1.27933884297521e+002    7.97101449275362e+001
 1.23966942148760e+002    9.29951690821256e+001
 1.20495867768595e+002    1.03864734299517e+002
 1.16033057851240e+002    1.18357487922705e+002
 1.10082644628099e+002    1.36473429951691e+002
 1.05619834710744e+002    1.48550724637681e+002
 1.02148760330579e+002    1.59420289855072e+002
 9.91735537190083e+001    1.67874396135266e+002
 9.71900826446281e+001    1.72705314009662e+002
 9.32231404958678e+001    1.82367149758454e+002
 9.02479338842975e+001    1.92028985507246e+002
 8.52892561983471e+001    2.05314009661836e+002
 7.78512396694215e+001    2.21014492753623e+002
 7.23966942148760e+001    2.37922705314010e+002
 6.24793388429752e+001    2.59661835748792e+002
 5.65289256198347e+001    2.72946859903382e+002
 5.00826446280992e+001    2.86231884057971e+002
 4.36363636363636e+001    2.99516908212560e+002

4 degree
 1.66611570247934e+002    8.33333333333333e+001
 1.63636363636364e+002    9.17874396135266e+001
 1.61157024793388e+002    1.00241545893720e+002
 1.58181818181818e+002    1.07487922705314e+002
 1.52727272727273e+002    1.20772946859903e+002
 1.49256198347107e+002    1.31642512077295e+002
 1.45785123966942e+002    1.43719806763285e+002
 1.39834710743802e+002    1.58212560386473e+002
 1.33884297520661e+002    1.70289855072464e+002
 1.30413223140496e+002    1.81159420289855e+002
 1.25950413223140e+002    1.89613526570048e+002
 1.22479338842975e+002    2.01690821256039e+002
 1.16033057851240e+002    2.13768115942029e+002
 1.11074380165289e+002    2.28260869565217e+002
 1.04132231404959e+002    2.42753623188406e+002
 9.91735537190083e+001    2.53623188405797e+002
 9.42148760330578e+001    2.63285024154589e+002
 8.92561983471074e+001    2.74154589371981e+002
 8.38016528925620e+001    2.85024154589372e+002
 7.73553719008264e+001    2.95893719806763e+002
 7.14049586776860e+001    3.07971014492754e+002
 6.49586776859504e+001    3.18840579710145e+002
 6.04958677685950e+001    3.28502415458937e+002
 5.65289256198347e+001    3.36956521739130e+002
 4.95867768595041e+001    3.46618357487923e+002

8 degree
 2.07272727272727e+002    1.02657004830918e+002
 2.02314049586777e+002    1.12318840579710e+002
 1.98347107438017e+002    1.25603864734300e+002
 1.93388429752066e+002    1.35265700483092e+002
 1.89421487603306e+002    1.46135265700483e+002
 1.84462809917355e+002    1.55797101449275e+002
 1.80991735537190e+002    1.65458937198068e+002
 1.75537190082645e+002    1.78743961352657e+002
 1.68099173553719e+002    1.93236714975845e+002
 1.64628099173554e+002    2.01690821256039e+002
 1.60165289256198e+002    2.12560386473430e+002
 1.56694214876033e+002    2.21014492753623e+002
 1.52231404958678e+002    2.29468599033816e+002
 1.48760330578512e+002    2.35507246376812e+002
 1.45289256198347e+002    2.43961352657005e+002
 1.40826446280992e+002    2.52415458937198e+002
 1.35867768595041e+002    2.62077294685990e+002
 1.30909090909091e+002    2.72946859903382e+002
 1.24958677685950e+002    2.86231884057971e+002
 1.18016528925620e+002    2.98309178743961e+002
 1.13057851239669e+002    3.05555555555556e+002
 1.09586776859504e+002    3.14009661835749e+002
 1.04132231404959e+002    3.24879227053140e+002
 9.86776859504132e+001    3.34541062801932e+002
 9.32231404958678e+001    3.42995169082126e+002
 8.92561983471074e+001    3.51449275362319e+002
 8.42975206611570e+001    3.57487922705314e+002
 7.88429752066116e+001    3.65942028985507e+002
 7.43801652892562e+001    3.76811594202899e+002
 7.04132231404959e+001    3.82850241545894e+002
 6.39669421487603e+001    3.91304347826087e+002
 5.85123966942149e+001    4.00966183574879e+002

12 degree
 2.40000000000000e+002    1.21980676328502e+002
 2.36528925619835e+002    1.30434782608696e+002
 2.31570247933884e+002    1.41304347826087e+002
 2.26611570247934e+002    1.55797101449275e+002
 2.22148760330579e+002    1.64251207729469e+002
 2.18181818181818e+002    1.75120772946860e+002
 2.13719008264463e+002    1.84782608695652e+002
 2.08760330578512e+002    1.96859903381643e+002
 2.04297520661157e+002    2.05314009661836e+002
 1.98842975206612e+002    2.17391304347826e+002
 1.93884297520661e+002    2.25845410628019e+002
 1.90413223140496e+002    2.36714975845411e+002
 1.84462809917355e+002    2.48792270531401e+002
 1.78512396694215e+002    2.59661835748792e+002
 1.73553719008264e+002    2.71739130434783e+002
 1.68099173553719e+002    2.78985507246377e+002
 1.63140495867769e+002    2.89855072463768e+002
 1.57685950413223e+002    3.00724637681159e+002
 1.51239669421488e+002    3.10386473429952e+002
 1.45289256198347e+002    3.21256038647343e+002
 1.39834710743802e+002    3.29710144927536e+002
 1.34380165289256e+002    3.39371980676329e+002
 1.28925619834711e+002    3.47826086956522e+002
 1.22975206611570e+002    3.56280193236715e+002
 1.14545454545455e+002    3.69565217391304e+002
 1.06115702479339e+002    3.82850241545894e+002
 9.91735537190083e+001    3.92512077294686e+002
 9.12396694214876e+001    4.02173913043478e+002
 8.23140495867769e+001    4.13043478260870e+002
 7.19008264462810e+001    4.23913043478261e+002
 6.74380165289256e+001    4.29951690821256e+002
